1.000000000 0.000000000 0.000000000 0.000000000 0.000000000 1.000000000 0.000000000 0.000000000 0.000000000 0.000000000 1.000000000 0.000000000
1.000000000 0.000002099 0.000004378 0.000097864 -0.000002099 1.000000000 0.000042779 -0.000077294 -0.000004378 -0.000042779 1.000000000 0.000104454
1.000000000 0.000114786 0.000023275 0.000067013 -0.000114786 1.000000000 0.000023689 -0.000034749 -0.000023272 -0.000023691 1.000000000 0.000135349
1.000000000 0.000102209 0.000049588 -0.000059643 -0.000102206 1.000000000 -0.000074895 0.000228461 -0.000049596 0.000074890 1.000000000 0.000177054
0.999999940 0.000195399 0.000173488 0.000063313 -0.000195417 1.000000000 0.000100884 -0.000028846 -0.000173468 -0.000100918 1.000000000 0.000364825
0.999999881 0.000074239 0.000519678 0.000021424 -0.000074208 1.000000000 -0.000060949 0.000000650 -0.000519682 0.000060911 0.999999881 0.000303547
0.999999642 0.000207354 0.000829451 0.000081013 -0.000207548 0.999999940 0.000233926 -0.000042381 -0.000829403 -0.000234098 0.999999642 0.000688913
0.999999821 0.000188929 0.000581668 -0.000043282 -0.000189194 0.999999881 0.000456182 -0.000719706 -0.000581581 -0.000456292 0.999999702 0.000488873
1.000000000 0.000008015 0.000166296 0.000304530 -0.000008042 1.000000000 0.000162286 -0.000230511 -0.000166294 -0.000162287 1.000000000 0.000291477
1.000000000 -0.000148231 0.000064187 0.000119328 0.000148234 1.000000000 -0.000044722 0.000102075 -0.000064180 0.000044732 1.000000000 -0.000022649
0.999999881 0.000227332 0.000489006 0.000131701 -0.000227354 1.000000000 0.000044064 -0.000026195 -0.000488996 -0.000044175 0.999999881 0.000651755
0.999997616 0.000262246 0.002172721 0.000313816 -0.000262632 0.999999940 0.000177209 0.000155447 -0.002172675 -0.000177779 0.999997616 0.000902839
0.999999166 -0.000150630 0.001288278 -0.001029351 0.000151118 0.999999940 -0.000378904 0.000652334 -0.001288221 0.000379099 0.999999106 0.000096069
0.999999702 -0.000605933 0.000500289 0.000410880 0.000605977 0.999999821 -0.000088226 -0.000593143 -0.000500236 0.000088529 0.999999881 0.000355929
0.999999940 -0.000243287 0.000169397 -0.000221764 0.000243341 0.999999940 -0.000320387 0.000312398 -0.000169319 0.000320428 0.999999940 0.000082513
0.999999583 -0.000577767 -0.000713934 -0.000446206 0.000577106 0.999999404 -0.000926292 0.001412253 0.000714468 0.000925880 0.999999344 0.000666351
0.999999583 -0.000704875 -0.000596711 0.000205059 0.000705267 0.999999523 0.000655623 0.000053021 0.000596248 -0.000656044 0.999999583 0.001328086
0.999999821 -0.000469496 -0.000300032 -0.000077076 0.000469689 0.999999702 0.000642275 -0.000290725 0.000299730 -0.000642416 0.999999762 0.000519075
0.999999881 -0.000380737 -0.000300805 0.000333180 0.000380974 0.999999642 0.000786728 -0.000177218 0.000300505 -0.000786842 0.999999642 0.000218715
0.999999821 -0.000613964 0.000194686 -0.000363728 0.000613773 0.999999344 0.000981501 -0.000796025 -0.000195288 -0.000981381 0.999999523 0.000001403
0.999999762 -0.000472932 -0.000510351 0.000412670 0.000473310 0.999999642 0.000741188 -0.000354178 0.000510000 -0.000741429 0.999999583 0.000606257
0.999999940 -0.000217725 -0.000195328 -0.000462927 0.000217736 1.000000000 0.000052565 0.000653165 0.000195317 -0.000052608 1.000000000 0.000353639
0.999999940 0.000389187 -0.000150526 0.000029618 -0.000389147 0.999999881 0.000264863 -0.000022991 0.000150629 -0.000264805 0.999999940 0.000192753
1.000000000 0.000007341 0.000085164 -0.000058858 -0.000007365 0.999999940 0.000284972 -0.000543245 -0.000085162 -0.000284973 0.999999940 0.000172176
1.000000000 0.000072652 0.000154286 -0.000001116 -0.000072648 1.000000000 -0.000025962 0.000002146 -0.000154288 0.000025951 1.000000000 0.000089986
0.999999940 0.000258877 0.000196788 -0.000043482 -0.000258814 0.999999940 -0.000315169 0.000536021 -0.000196869 0.000315118 0.999999940 0.000211593
1.000000000 0.000137735 0.000164765 0.000005024 -0.000137731 1.000000000 -0.000022760 -0.000000737 -0.000164768 0.000022738 1.000000000 0.000117731
0.999999940 0.000177700 0.000195441 -0.000054509 -0.000177668 1.000000000 -0.000161738 0.000224763 -0.000195470 0.000161703 0.999999940 0.000201596
1.000000000 0.000029385 0.000093553 -0.000026748 -0.000029378 1.000000000 -0.000066161 -0.000015382 -0.000093555 0.000066158 1.000000000 0.000101963
1.000000000 0.000004745 0.000051260 -0.000063129 -0.000004751 1.000000000 0.000128033 -0.000302323 -0.000051260 -0.000128034 1.000000000 -0.000067066
0.999999940 0.000094943 0.000255633 -0.000375194 -0.000094984 1.000000000 0.000161096 -0.000267494 -0.000255617 -0.000161120 0.999999940 0.000123755
0.999999940 0.000299883 0.000294401 -0.000607840 -0.000299902 0.999999940 0.000063392 -0.000067442 -0.000294382 -0.000063480 0.999999940 0.000273135
1.000000000 0.000123502 0.000066841 -0.000052358 -0.000123504 1.000000000 0.000029107 -0.000039790 -0.000066837 -0.000029115 1.000000000 0.000294852
1.000000000 -0.000081948 0.000029816 -0.000023024 0.000081949 1.000000000 -0.000037008 -0.000026457 -0.000029813 0.000037010 1.000000000 0.000124035
1.000000000 0.000045418 0.000159358 -0.000383506 -0.000045483 0.999999940 0.000408873 -0.000733903 -0.000159340 -0.000408881 0.999999881 0.000230802
1.000000000 0.000188714 -0.000015804 0.000094329 -0.000188714 1.000000000 0.000006902 0.000011039 0.000015805 -0.000006899 1.000000000 0.000229479
1.000000000 0.000008702 0.000045662 -0.000016460 -0.000008700 1.000000000 -0.000037261 0.000003129 -0.000045662 0.000037261 1.000000000 0.000072882
0.999999940 0.000194880 0.000264897 -0.000299493 -0.000194856 1.000000000 -0.000092998 0.000261288 -0.000264915 0.000092946 0.999999940 0.000604308
1.000000000 0.000115838 0.000102784 -0.000179938 -0.000115838 1.000000000 -0.000002939 0.000107761 -0.000102784 0.000002927 1.000000000 0.000173962
1.000000000 0.000002892 0.000042316 -0.000025482 -0.000002892 1.000000000 -0.000013384 0.000008799 -0.000042316 0.000013384 1.000000000 -0.000010198
1.000000000 -0.000064679 0.000060374 -0.000158559 0.000064686 1.000000000 -0.000116286 0.000206864 -0.000060367 0.000116290 1.000000000 0.000015954
0.999999940 0.000292396 -0.000117784 0.000014596 -0.000292431 0.999999940 -0.000296033 0.000051392 0.000117697 0.000296068 0.999999940 -0.000150294
0.999999821 0.000416364 0.000442049 -0.001005877 -0.000416391 0.999999940 0.000060446 -0.001103602 -0.000442024 -0.000060630 0.999999881 -0.000232069
0.999999940 0.000267955 0.000321706 -0.000542596 -0.000267536 0.999999106 -0.001303533 -0.000899501 -0.000322055 0.001303447 0.999999106 -0.000165506
0.999999940 0.000098480 0.000258709 -0.000223477 -0.000098050 0.999998629 -0.001660399 -0.000658911 -0.000258872 0.001660373 0.999998569 -0.000065556
0.999999940 0.000133827 0.000329447 -0.000721302 -0.000133474 0.999999404 -0.001068377 -0.000968010 -0.000329590 0.001068333 0.999999404 -0.000345974
0.999999940 -0.000362530 -0.000084292 0.000216243 0.000362462 0.999999642 -0.000800829 -0.000496799 0.000084582 0.000800798 0.999999702 0.000014044
1.000000000 0.000064711 0.000077417 -0.000043340 -0.000064690 0.999999940 -0.000270676 -0.001155094 -0.000077435 0.000270671 0.999999940 0.000010384
1.000000000 0.000059760 0.000082581 -0.000339250 -0.000059728 0.999999940 -0.000393551 -0.000502609 -0.000082605 0.000393547 0.999999940 -0.000370771
0.999999762 0.000429108 0.000544673 -0.001443509 -0.000428926 0.999999881 -0.000334091 -0.000251670 -0.000544817 0.000333857 0.999999821 -0.000039341
1.000000000 0.000161206 0.000099535 -0.000569942 -0.000161182 0.999999940 -0.000244896 -0.000534669 -0.000099574 0.000244880 0.999999940 -0.000306740
1.000000000 0.000096287 -0.000016300 -0.000290045 -0.000096283 0.999999940 0.000254339 -0.001496677 0.000016325 -0.000254338 0.999999940 -0.000320747
1.000000000 0.000037628 0.000024838 -0.000221314 -0.000037606 0.999999642 -0.000878017 -0.001125186 -0.000024871 0.000878016 0.999999642 0.000149153
0.999999940 0.000207476 0.000215724 -0.000265789 -0.000207446 0.999999940 -0.000139863 -0.002385748 -0.000215753 0.000139818 0.999999940 -0.000197912
0.999999881 -0.000002198 0.000432001 -0.000696277 0.000002289 1.000000000 -0.000209622 -0.001343456 -0.000432001 0.000209622 0.999999881 0.000020766
0.999999881 0.000336738 0.000275218 -0.000526676 -0.000336494 0.999999523 -0.000884995 -0.000153901 -0.000275516 0.000884902 0.999999583 -0.000016460
1.000000000 0.000030691 -0.000207379 -0.000201346 -0.000030863 0.999999642 -0.000829610 -0.001794801 0.000207354 0.000829616 0.999999642 -0.000670396
1.000000000 0.000012057 0.000065577 -0.000442303 -0.000012018 0.999999821 -0.000589417 -0.001374096 -0.000065584 0.000589417 0.999999821 -0.000422354
1.000000000 0.000061552 0.000204732 -0.000743369 -0.000061474 0.999999940 -0.000379631 -0.002174657 -0.000204756 0.000379619 0.999999881 -0.000558744
0.999999881 -0.000041298 -0.000437534 0.000695366 0.000040541 0.999998510 -0.001728468 -0.001229821 0.000437605 0.001728450 0.999998391 -0.000724718
1.000000000 -0.000179971 -0.000101131 -0.000033428 0.000179730 0.999997139 -0.002384009 -0.001285962 0.000101559 0.002383990 0.999997139 -0.000334263
1.000000000 0.000038804 0.000017109 -0.000404355 -0.000038773 0.999998331 -0.001827951 -0.001434603 -0.000017180 0.001827950 0.999998331 -0.000720713
0.999999881 -0.000128674 -0.000413362 0.000530317 0.000127811 0.999997795 -0.002088114 -0.001542764 0.000413630 0.002088061 0.999997735 -0.000763669
0.999999940 0.000004096 -0.000279377 0.000315821 -0.000004881 0.999996066 -0.002809558 -0.000110998 0.000279365 0.002809559 0.999996006 -0.000199395
1.000000000 -0.000005064 -0.000130577 0.000180958 0.000004846 0.999998629 -0.001665379 -0.001776424 0.000130586 0.001665378 0.999998629 -0.000424412
0.999999940 -0.000314544 -0.000037018 0.000238463 0.000314484 0.999998689 -0.001607227 -0.001531335 0.000037524 0.001607215 0.999998689 -0.000571265
0.999999940 0.000400208 0.000080894 0.000103622 -0.000400063 0.999998331 -0.001787894 -0.000965553 -0.000081610 0.001787861 0.999998391 -0.000263928
0.999999940 -0.000290383 -0.000263433 -0.000119783 0.000289837 0.999997795 -0.002071823 -0.002118671 0.000264034 0.002071746 0.999997795 -0.000884100
0.999999940 -0.000134984 -0.000204564 -0.000151578 0.000134587 0.999998093 -0.001938535 -0.001470115 0.000204826 0.001938507 0.999998093 -0.000924455
1.000000000 0.000091204 -0.000095513 -0.000201071 -0.000091397 0.999997973 -0.002016857 -0.002506096 0.000095329 0.002016866 0.999997973 -0.000831730
0.999999881 -0.000429896 -0.000312036 -0.000159656 0.000429274 0.999997914 -0.001991508 -0.001889526 0.000312892 0.001991374 0.999997973 -0.001265285
0.999999702 -0.000743009 -0.000314169 -0.000251409 0.000742265 0.999996960 -0.002361358 -0.001510827 0.000315923 0.002361124 0.999997139 -0.000525487
0.999999404 -0.000859215 -0.000679213 0.000188172 0.000857438 0.999996245 -0.002612478 -0.001789103 0.000681455 0.002611894 0.999996364 -0.000858027
1.000000000 -0.000000035 -0.000229044 -0.000308647 -0.000000532 0.999996960 -0.002474981 -0.002221053 0.000229043 0.002474982 0.999996901 -0.000533182
0.999999285 -0.001183662 -0.000201881 -0.000976769 0.001183167 0.999996305 -0.002436145 -0.000701852 0.000204764 0.002435905 0.999997020 -0.000747040
0.999999940 -0.000211017 -0.000316789 0.000144678 0.000210414 0.999998152 -0.001901170 -0.002382158 0.000317190 0.001901103 0.999998152 -0.001028239
0.999999225 -0.001094199 -0.000593144 -0.000543462 0.001093353 0.999998391 -0.001424221 -0.003635273 0.000594701 0.001423572 0.999998808 -0.000583233
0.999999821 -0.000514512 -0.000292342 -0.000562556 0.000513895 0.999997675 -0.002108003 -0.002765693 0.000293426 0.002107853 0.999997735 -0.000726352
0.999999583 -0.000533144 -0.000716151 0.000811680 0.000530508 0.999993086 -0.003676556 -0.001388649 0.000718106 0.003676174 0.999992967 -0.000652886
0.999998450 -0.001280808 -0.001186136 0.000541753 0.001277875 0.999996126 -0.002470630 -0.002852763 0.001189295 0.002469110 0.999996245 -0.001278449
0.999999821 -0.000629890 -0.000042607 -0.000102689 0.000629732 0.999993324 -0.003606620 -0.002833606 0.000044879 0.003606592 0.999993503 -0.001007407
0.999998271 -0.001553066 0.000998900 0.000943117 0.001557226 0.999990046 -0.004177733 -0.003696011 -0.000992402 0.004179281 0.999990761 -0.000943104
0.999991715 -0.001632738 0.003735178 -0.000058482 0.001654616 0.999981463 -0.005861635 -0.004040206 -0.003725538 0.005867767 0.999975860 -0.001071275
0.999975026 -0.002928364 0.006434515 -0.000894884 0.002985114 0.999956608 -0.008827775 -0.007942523 -0.006408385 0.008846762 0.999940336 0.000127602
0.999963760 -0.004471816 0.007244249 -0.000654240 0.004575369 0.999886692 -0.014341728 -0.009145610 -0.007179295 0.014374354 0.999870896 0.002998824
0.999911189 -0.010373597 0.008370213 -0.001539840 0.010652762 0.999364138 -0.034027144 -0.021083415 -0.008011906 0.034113288 0.999385834 0.009784380
0.999903083 -0.009459516 0.010214692 -0.003897994 0.009853205 0.999182582 -0.039204884 -0.028725533 -0.009835484 0.039301731 0.999179006 0.012711185
0.999852717 -0.014111189 0.009765898 -0.006513663 0.014528049 0.998925030 -0.044019450 -0.040785525 -0.009134233 0.044154845 0.998982966 0.016484540
0.999801755 -0.017975254 0.008563939 -0.007905084 0.018395718 0.998485446 -0.051850058 -0.056163806 -0.007618950 0.051997319 0.998618186 0.018991901
0.999726415 -0.022563376 0.006167581 -0.011742178 0.022923637 0.997526884 -0.066442929 -0.090985298 -0.004653151 0.066566132 0.997771144 0.024179008
0.999713898 -0.023281407 0.005489383 -0.012649574 0.023600597 0.997414052 -0.067883953 -0.112412453 -0.003894754 0.067994080 0.997678101 0.024889354
0.999732137 -0.022292068 0.006223858 -0.014817072 0.022672970 0.997295558 -0.069911003 -0.132101238 -0.004648565 0.070033394 0.997533798 0.026265137
0.999785542 -0.019411931 0.007212137 -0.017260320 0.019868366 0.997363687 -0.069792263 -0.160691410 -0.005838321 0.069920585 0.997535467 0.030674063
0.999798059 -0.018592346 0.007627706 -0.019000866 0.019076595 0.997414708 -0.069282144 -0.169093400 -0.006319868 0.069413662 0.997567952 0.034825865
0.999820590 -0.017398870 0.007484628 -0.019248292 0.017876485 0.997431934 -0.069354154 -0.168233246 -0.006258723 0.069475509 0.997564018 0.040679030
0.999847293 -0.015354409 0.008344788 -0.021600477 0.015886120 0.997565150 -0.067907229 -0.166358948 -0.007281795 0.068029426 0.997656763 0.047378778
0.999859869 -0.014531782 0.008313894 -0.023508938 0.015060181 0.997606575 -0.067485690 -0.161098510 -0.007313308 0.067601442 0.997685611 0.053190771
0.999841273 -0.016447036 0.006852346 -0.023311447 0.016844511 0.997891784 -0.062675670 -0.156514972 -0.005807071 0.062781140 0.998010397 0.065055266
0.999810994 -0.018634478 0.005545968 -0.024128502 0.018939931 0.997935534 -0.061367810 -0.158045053 -0.004390961 0.061461251 0.998099804 0.069253042
0.999807477 -0.018821165 0.005545088 -0.026462240 0.019112678 0.998115957 -0.058302999 -0.159005150 -0.004437310 0.058397755 0.998283505 0.072533771
0.999799073 -0.019574564 0.004319554 -0.026225714 0.019788986 0.998179853 -0.056967821 -0.161213547 -0.003196572 0.057041854 0.998366654 0.074887753
0.999830008 -0.017834321 0.004674566 -0.026036404 0.018066388 0.998295784 -0.055489574 -0.166299433 -0.003676980 0.055564597 0.998448312 0.079512924
0.999848604 -0.016894065 0.004167719 -0.026687669 0.017094657 0.998393476 -0.054021165 -0.171180025 -0.003248386 0.054084230 0.998531103 0.079287745
0.999836504 -0.017434321 0.004797208 -0.027537068 0.017677629 0.998246789 -0.056487672 -0.171750322 -0.003803973 0.056563240 0.998391747 0.079233080
0.999831021 -0.017866986 0.004317546 -0.026646333 0.018080000 0.998281598 -0.055740636 -0.177574232 -0.003314209 0.055809278 0.998435974 0.079187438
0.999816298 -0.018761247 0.003918114 -0.025511565 0.018944342 0.998383820 -0.053580910 -0.190379828 -0.002906537 0.053645294 0.998555839 0.076700278
0.999810159 -0.019070111 0.003991680 -0.024400188 0.019251121 0.998476624 -0.051709484 -0.197472826 -0.002999493 0.051776513 0.998654187 0.074102484
0.999826252 -0.018104907 0.004433718 -0.024266737 0.018291727 0.998749614 -0.046525311 -0.203171238 -0.003585838 0.046598326 0.998907268 0.072493859
0.999823391 -0.018326459 0.004162377 -0.022837825 0.018457400 0.999252558 -0.033966228 -0.210863337 -0.003536785 0.034037057 0.999414325 0.070035242
0.999916673 -0.011382022 0.006091676 -0.021028861 0.011418913 0.999916434 -0.006055922 -0.221826702 -0.006022238 0.006124977 0.999963105 0.066676311
0.999956071 -0.005246849 0.007765676 -0.019452754 0.005230953 0.999984205 0.002065923 -0.230193824 -0.007776393 -0.002025210 0.999967694 0.066009790
0.999922991 0.003467137 0.011914569 -0.019963766 -0.003528116 0.999980748 0.005100887 -0.238758102 -0.011896654 -0.005142531 0.999916017 0.066207960
0.999678195 0.019642547 0.016051019 -0.016400818 -0.019641398 0.999807060 -0.000229281 -0.258703977 -0.016052425 -0.000086057 0.999871135 0.071431018
0.999507070 0.024734829 0.019334443 -0.018451566 -0.024603648 0.999672830 -0.006993554 -0.267449141 -0.019501103 0.006514409 0.999788642 0.074245535
0.999299645 0.028577875 0.024155429 -0.021318251 -0.028265029 0.999513388 -0.013195151 -0.276444107 -0.024520764 0.012503156 0.999621153 0.076918647
0.999366283 0.010229192 0.034094404 -0.027063219 -0.009538920 0.999747455 -0.020347454 -0.301338464 -0.034293942 0.020009331 0.999211490 0.087262690
0.999082983 -0.001436647 0.042791963 -0.030796029 0.002426254 0.999730527 -0.023083037 -0.313468099 -0.042747270 0.023165692 0.998817325 0.093632743
0.996973038 -0.026022188 0.073264919 -0.038456727 0.028183628 0.999192834 -0.028623935 -0.338607758 -0.072460920 0.030602163 0.996901691 0.108072922
0.992334068 -0.049079206 0.113420509 -0.042651579 0.052804898 0.998151720 -0.030079328 -0.360236824 -0.111734599 0.035837900 0.993091643 0.122333661
0.988892019 -0.060130570 0.135930270 -0.045473814 0.064387925 0.997555733 -0.027139626 -0.371842802 -0.133966118 0.035590425 0.990346551 0.130532712
0.980342627 -0.078004904 0.181227937 -0.052031536 0.084213294 0.996087134 -0.026807196 -0.388603657 -0.178427726 0.041542038 0.983075678 0.147954851
0.976300240 -0.083687268 0.199585527 -0.053755015 0.090859957 0.995496511 -0.027037036 -0.394387454 -0.196424037 0.044530597 0.979507327 0.158092946
0.968487918 -0.095650442 0.229961425 -0.059866276 0.103520788 0.994375527 -0.022378435 -0.415355831 -0.226527512 0.045479037 0.972942412 0.174566761
0.965131760 -0.099845178 0.241974458 -0.063004397 0.108482964 0.993841231 -0.022606101 -0.421274573 -0.238227069 0.048067965 0.970019162 0.180758804
0.959503591 -0.104147710 0.261736810 -0.070009902 0.114123560 0.993196487 -0.023163822 -0.432482988 -0.257543653 0.052096106 0.964861274 0.200001881
0.955830514 -0.109747954 0.272659808 -0.075750709 0.119582035 0.992629588 -0.019662257 -0.443976909 -0.268492341 0.051399000 0.961909711 0.209720075
0.947823524 -0.119637266 0.295495301 -0.079684362 0.129116073 0.991548181 -0.012701237 -0.455689758 -0.291478306 0.050191738 0.955259740 0.228193432
0.936593533 -0.129697561 0.325531900 -0.083963081 0.138741612 0.990317822 -0.004616149 -0.468713015 -0.321781367 0.049488276 0.945519805 0.246483713
0.929521918 -0.136060998 0.342748255 -0.082760938 0.145483136 0.989359081 -0.001798935 -0.472624451 -0.338856399 0.051536247 0.939425528 0.254679978
0.911310315 -0.149682224 0.383547723 -0.082162224 0.158574685 0.987310231 0.008530954 -0.485006034 -0.379957497 0.053046610 0.923481703 0.273474455
0.899359226 -0.159622028 0.407030314 -0.082135089 0.168531328 0.985594869 0.014132736 -0.489919335 -0.403422922 0.055886954 0.913305342 0.285034209
0.871396005 -0.176691338 0.457656264 -0.087178804 0.185960382 0.982235491 0.025144098 -0.492703617 -0.453968972 0.063195482 0.888773620 0.311212003
0.855367899 -0.188681707 0.482436448 -0.086027570 0.196500093 0.979884744 0.034836635 -0.500316143 -0.479305178 0.065000661 0.875237882 0.322694242
0.821299076 -0.205559462 0.532177806 -0.084548369 0.214205191 0.975691080 0.046292864 -0.498773098 -0.528757036 0.075974949 0.845366120 0.352964908
0.803540707 -0.215308130 0.554945707 -0.083637044 0.223986909 0.973137259 0.053233571 -0.499676883 -0.551499903 0.081525229 0.830181658 0.364744991
0.784844100 -0.225288019 0.577291131 -0.084408760 0.233678415 0.970398188 0.061005577 -0.501467884 -0.573946118 0.087020613 0.814256191 0.377952516
0.749637544 -0.241528019 0.616204262 -0.076883167 0.249671951 0.965446293 0.074681178 -0.502027869 -0.612949848 0.097865134 0.784037650 0.404113322
0.728217602 -0.250604451 0.637884438 -0.082905516 0.255928606 0.962853551 0.086102918 -0.511233389 -0.635767043 0.100551188 0.765303731 0.422509611
0.689273059 -0.265180737 0.674226820 -0.081520289 0.267809808 0.957951844 0.102986522 -0.517841935 -0.673186839 0.109578691 0.731308401 0.453368545
0.669645727 -0.273140997 0.690629125 -0.079011306 0.273977399 0.955178738 0.112116091 -0.520205677 -0.690297782 0.114138693 0.714465737 0.468581855
0.614377737 -0.290018201 0.733777523 -0.063839585 0.291583061 0.947615683 0.130398706 -0.505073488 -0.733157039 0.133843020 0.666758418 0.509805918
0.587100744 -0.296149194 0.753397882 -0.073621303 0.293204606 0.945281208 0.143089861 -0.518093109 -0.754548788 0.136891574 0.641807497 0.533859372
0.543918371 -0.303068340 0.782497585 -0.071428508 0.301534772 0.940807402 0.154784709 -0.519824982 -0.783089817 0.151759937 0.603108048 0.573578775
0.521526456 -0.305942565 0.796498179 -0.071152657 0.307216346 0.938224912 0.159223855 -0.521302342 -0.796007693 0.161657751 0.583299518 0.594666541
0.479000717 -0.313444138 0.819945753 -0.065644562 0.322274178 0.931642413 0.167874783 -0.521745503 -0.816515505 0.183835149 0.547272325 0.635532081
0.457328349 -0.319015533 0.830108345 -0.064990744 0.330729485 0.927501798 0.174236864 -0.521628916 -0.825511158 0.194857806 0.529680789 0.654878318
0.435046256 -0.322360545 0.840724945 -0.061436161 0.335222811 0.924579799 0.181046814 -0.523181260 -0.835679650 0.203066409 0.510297596 0.676305771
0.391635358 -0.327031553 0.860041916 -0.058275059 0.344131023 0.918930829 0.192717940 -0.524066865 -0.853343725 0.220491886 0.472427487 0.711925387
0.368593872 -0.326774061 0.870262742 -0.057530329 0.349486023 0.916210473 0.196004510 -0.518739104 -0.861393094 0.231898576 0.451912582 0.735016406
0.320463330 -0.334396422 0.886274397 -0.052618951 0.359535903 0.908543766 0.212796077 -0.528321743 -0.876377344 0.250454128 0.411382407 0.779344380
0.297695041 -0.336909771 0.893235385 -0.051245198 0.367428511 0.904016078 0.218520418 -0.529264390 -0.881120861 0.263147712 0.392911315 0.798257887
0.252545536 -0.339079499 0.906226099 -0.048846990 0.379004538 0.896411479 0.229786858 -0.528736949 -0.890267551 0.285432130 0.354897320 0.834930360
0.207780927 -0.341342419 0.916685581 -0.047191203 0.386278600 0.889605403 0.243702739 -0.532959223 -0.898674607 0.303459167 0.316696346 0.870650828
0.187265053 -0.344568640 0.919893563 -0.047226690 0.389102370 0.885880113 0.252617538 -0.530392468 -0.901959658 0.310626298 0.299966872 0.884629726
0.145932809 -0.354563177 0.923573792 -0.045960296 0.388537824 0.879095912 0.276095539 -0.530133247 -0.909803212 0.318551958 0.266050100 0.916918397
0.126030922 -0.358749837 0.924886286 -0.045742288 0.384529054 0.877097487 0.287814856 -0.528920472 -0.914469004 0.319372118 0.248491138 0.931959391
0.094950691 -0.370256364 0.924064100 -0.046061784 0.378574014 0.871944904 0.310473382 -0.531639814 -0.920687854 0.320346981 0.222961202 0.954282343
0.082331091 -0.369796395 0.925457835 -0.046486542 0.375884533 0.871551096 0.314816624 -0.526847482 -0.923001885 0.321946144 0.210756451 0.972169340
0.066520929 -0.370227873 0.926556110 -0.042148221 0.376839668 0.869159877 0.320239067 -0.528725564 -0.923886836 0.327860445 0.197333857 0.996278822
0.060241461 -0.367606908 0.928028047 -0.043334134 0.375628322 0.869724691 0.320128649 -0.530050159 -0.924810469 0.329308599 0.190476984 1.009957075
0.053880572 -0.362269193 0.930514812 -0.040063467 0.377570719 0.870074868 0.316875756 -0.528608561 -0.924411774 0.334261745 0.183662295 1.035561562
0.051409811 -0.365772158 0.929283440 -0.039561030 0.378221393 0.868331313 0.320857078 -0.528572381 -0.924286544 0.334979653 0.182983562 1.050515771
0.051239148 -0.370270699 0.927509606 -0.038824059 0.379323274 0.866345763 0.324898213 -0.528056979 -0.923844337 0.335178494 0.184843063 1.062431335
0.053516835 -0.377875835 0.924308360 -0.034096491 0.385729074 0.861610353 0.329910189 -0.523634553 -0.921058655 0.338876754 0.191868320 1.087888837
0.054606065 -0.379453212 0.923598051 -0.033399932 0.392942399 0.858509839 0.329480171 -0.520346224 -0.917940319 0.344929188 0.195983112 1.103040457
0.059568077 -0.386920720 0.920186937 -0.027093250 0.408155441 0.850685537 0.331274986 -0.525323510 -0.910966873 0.355845869 0.208597496 1.122931719
0.060724303 -0.385403842 0.920747697 -0.020097125 0.413668633 0.849220157 0.328182131 -0.522435188 -0.908400118 0.360955805 0.210997701 1.136785984
0.064341590 -0.382447243 0.921734393 -0.014719851 0.410066366 0.852197230 0.324970126 -0.520797014 -0.909783304 0.357063115 0.211660475 1.145143509
0.071716309 -0.377094656 0.923393965 -0.001896031 0.394273996 0.861096144 0.321031868 -0.519257069 -0.916190386 0.341046989 0.210433215 1.159937739
0.076857761 -0.372400105 0.924884319 0.004871763 0.387679279 0.865794957 0.316391945 -0.516767621 -0.918584585 0.334241301 0.210914865 1.164129019
0.086257920 -0.364266783 0.927291393 0.020674735 0.373851150 0.874578834 0.308783591 -0.513737082 -0.923468947 0.320033938 0.211620852 1.173665643
0.088506192 -0.362515360 0.927765727 0.030022338 0.369671851 0.876854956 0.307356834 -0.515638113 -0.924937487 0.315765887 0.211618796 1.181367159
0.090333641 -0.358752638 0.929051280 0.037070923 0.364759862 0.879962027 0.304330498 -0.514110446 -0.926709294 0.311389297 0.210348740 1.187748432
0.084464386 -0.351272941 0.932455301 0.053970009 0.361916780 0.882704675 0.299747586 -0.512803853 -0.928376019 0.312153220 0.201688677 1.194670200
0.073357508 -0.346916974 0.935022593 0.065338835 0.365948021 0.881514251 0.298353434 -0.513046861 -0.927739561 0.320283204 0.191619262 1.201809287
0.042703152 -0.330409974 0.942870975 0.083910398 0.379131228 0.878500700 0.290681720 -0.509984553 -0.924357057 0.345058829 0.162783459 1.208050728
0.023207948 -0.322883338 0.946154118 0.092126973 0.385736346 0.876016557 0.289486647 -0.509079099 -0.922317147 0.358247638 0.144878358 1.209499359
-0.001171708 -0.315806240 0.948822975 0.096856743 0.386361986 0.875001788 0.291712701 -0.506484032 -0.922346473 0.366930902 0.120990276 1.217449903
-0.047148705 -0.325622141 0.944323659 0.106487863 0.387897551 0.865213990 0.317710757 -0.520298064 -0.920495749 0.381280422 0.085514307 1.216835499
-0.072713211 -0.331355453 0.940699875 0.113016441 0.389532149 0.858847976 0.332633287 -0.525076091 -0.918138087 0.390619695 0.066624023 1.228851318
-0.105809346 -0.348449439 0.931336343 0.116274849 0.399509281 0.842783034 0.360706478 -0.536644042 -0.910602450 0.410243630 0.050034456 1.229665518
-0.126500621 -0.366112858 0.921932220 0.119283020 0.403196961 0.830184221 0.385001957 -0.561728597 -0.906327605 0.420423299 0.042596780 1.221688867
-0.140296936 -0.373167396 0.917094767 0.124032259 0.407735705 0.822294295 0.396968216 -0.596660972 -0.902257383 0.429625720 0.036788333 1.208529830
-0.144235075 -0.373429477 0.916377008 0.125513792 0.411601156 0.819506884 0.398739159 -0.613574684 -0.899878144 0.434693962 0.035502393 1.196367145
-0.152216122 -0.374549001 0.914627433 0.132359296 0.413486809 0.816399693 0.403137952 -0.647507370 -0.897696435 0.439550489 0.030601904 1.177268386
-0.154168770 -0.372738034 0.915040076 0.136227399 0.410858214 0.818061292 0.402456701 -0.662951410 -0.898569763 0.437997967 0.027022973 1.162568450
-0.157734960 -0.371705621 0.914852262 0.143936545 0.400247097 0.822871268 0.403342575 -0.690601110 -0.902730286 0.429788202 0.018978551 1.134471774
-0.158548683 -0.372598469 0.914348245 0.151109487 0.388962537 0.827604294 0.404696554 -0.701060236 -0.907507837 0.419811338 0.013711255 1.121593714
-0.158076584 -0.379129976 0.911741316 0.163421631 0.369079262 0.833737910 0.410684347 -0.722312927 -0.915856063 0.401424348 0.008134596 1.090308785
-0.157861814 -0.381292790 0.910876155 0.169558004 0.361258209 0.836194336 0.412639767 -0.732300580 -0.919006050 0.394201577 0.005742013 1.073001862
-0.160350323 -0.382822961 0.909799099 0.186140209 0.360375106 0.835392237 0.415029705 -0.749435246 -0.918921947 0.394419074 0.004004486 1.047416449
-0.161849335 -0.385911703 0.908227384 0.195533752 0.364818454 0.831758678 0.418431580 -0.761862397 -0.916903615 0.399061024 0.006168112 1.033886552
-0.161227211 -0.386540145 0.908070743 0.213839233 0.366413683 0.830898583 0.418746591 -0.774267912 -0.916377008 0.400242835 0.007670157 1.004875064
-0.162706330 -0.384752065 0.908566236 0.223310187 0.364336818 0.832330346 0.417713910 -0.780888200 -0.916943431 0.398988813 0.004753921 0.995372176
-0.162163466 -0.385216892 0.908466280 0.235061884 0.361590564 0.833414912 0.417937726 -0.788184643 -0.918125927 0.396267056 0.004141368 0.981383801
-0.162304908 -0.383936971 0.908982694 0.260469735 0.354622304 0.836954415 0.416833788 -0.798808813 -0.920814931 0.389999717 0.000310808 0.954507411
-0.162634254 -0.380238116 0.910477459 0.271100253 0.352539301 0.839458883 0.413551480 -0.801417112 -0.921556413 0.388236642 -0.002475888 0.941333234
-0.174125165 -0.369272411 0.912862659 0.298304349 0.352625191 0.842166007 0.407936096 -0.811960876 -0.919421554 0.392930329 -0.016427524 0.917344809
-0.184339970 -0.361081839 0.914132774 0.315926075 0.351416647 0.844376862 0.404393494 -0.821265936 -0.917891681 0.395787299 -0.028762229 0.904133916
-0.196652174 -0.351835459 0.915171921 0.326883167 0.350606859 0.846446872 0.400752664 -0.819684207 -0.915643334 0.399674416 -0.043099694 0.892506778
-0.223143667 -0.358511835 0.906463563 0.358031660 0.345934093 0.840259075 0.417485952 -0.826452792 -0.911337793 0.406736016 -0.063476980 0.872842789
-0.233719721 -0.367664903 0.900109828 0.375221878 0.339598298 0.836579084 0.429893732 -0.830011010 -0.911069751 0.406150401 -0.070666619 0.866103530
-0.242841110 -0.371088117 0.896282196 0.384657323 0.338638812 0.833385170 0.436798602 -0.828273654 -0.909039021 0.409588575 -0.076715320 0.853984058
-0.258725613 -0.376951903 0.889363945 0.417931765 0.332160711 0.829847455 0.448355258 -0.832939386 -0.907044828 0.411412835 -0.089494176 0.834990442
-0.265538543 -0.377390295 0.887167335 0.435527235 0.327656925 0.830103159 0.451187074 -0.836080432 -0.906714022 0.410494089 -0.096769899 0.828270674
-0.275684357 -0.364438415 0.889484644 0.468441993 0.324090242 0.835923851 0.442941159 -0.841181815 -0.904966116 0.410385221 -0.112340182 0.814870596
-0.282678664 -0.351138771 0.892633379 0.503274441 0.325317830 0.840338707 0.433588773 -0.850525558 -0.902364135 0.412955821 -0.123314157 0.800415099
-0.285634160 -0.347830862 0.892987490 0.522304177 0.325897425 0.841018915 0.431831062 -0.857571542 -0.901223600 0.414368093 -0.126866549 0.796659052
-0.287191063 -0.344451278 0.893797815 0.539916039 0.330227971 0.840297878 0.429940760 -0.860211313 -0.899150014 0.418632179 -0.127578616 0.793446958
-0.293236375 -0.337555736 0.894465506 0.569104135 0.347349316 0.834043086 0.428626388 -0.871015072 -0.890708089 0.436380833 -0.127322003 0.783455014
-0.300984502 -0.334902108 0.892888010 0.584588230 0.354301691 0.830014169 0.430751473 -0.876303017 -0.885369182 0.446001202 -0.131165013 0.778421044
-0.312749803 -0.333285183 0.889442861 0.600922644 0.361700326 0.824075103 0.435973734 -0.881562054 -0.878271282 0.458062500 -0.137179956 0.773629844
-0.344799101 -0.328700960 0.879243612 0.632606149 0.369195163 0.813702464 0.448980242 -0.894923627 -0.863022864 0.479420483 -0.159209073 0.761262476
-0.363311470 -0.324970603 0.873154640 0.644849062 0.369064033 0.810326517 0.455151349 -0.901163459 -0.855451107 0.487611622 -0.174465939 0.751640797
-0.406512737 -0.315591723 0.857408404 0.673103213 0.356885463 0.809041679 0.466994911 -0.912712753 -0.841059029 0.495835960 -0.216255695 0.734270155
-0.430099070 -0.309198499 0.848181009 0.683703065 0.349025548 0.809514701 0.472088158 -0.915720165 -0.832583904 0.499081582 -0.240253314 0.720326900
-0.481413245 -0.297945082 0.824299693 0.707244992 0.328783184 0.810393691 0.484936833 -0.924728930 -0.812491775 0.504470766 -0.292174906 0.697592914
-0.507581949 -0.290841192 0.811031342 0.720686078 0.320681334 0.809906960 0.491135597 -0.929739118 -0.799702406 0.509374201 -0.317826807 0.688416779
-0.547514141 -0.281073749 0.788178861 0.734734595 0.311023831 0.806066990 0.503507793 -0.938124180 -0.776847780 0.520820022 -0.353912473 0.662432611
-0.575657368 -0.277843654 0.769039392 0.748906493 0.301887542 0.801840961 0.515669525 -0.934871435 -0.759922743 0.529012322 -0.377708048 0.643365622
-0.586125255 -0.279410899 0.760517418 0.755328059 0.294429660 0.801031172 0.521210372 -0.935233057 -0.754830003 0.529413402 -0.387237757 0.635414183
-0.593966424 -0.278600395 0.754709005 0.759296477 0.291880727 0.799569905 0.524874985 -0.926412821 -0.749672890 0.532043159 -0.393599629 0.629762411
-0.604217529 -0.275288522 0.747754991 0.768428624 0.292111039 0.796565473 0.529296339 -0.906799674 -0.741344988 0.538237453 -0.400884002 0.622001469
-0.606835365 -0.273853749 0.746160090 0.771960676 0.292219549 0.796152472 0.529857516 -0.901854932 -0.739160717 0.539578795 -0.403108060 0.613699853
-0.609181583 -0.270393670 0.745509923 0.777573824 0.296847880 0.793983281 0.530539274 -0.896507621 -0.735376894 0.544497788 -0.403414190 0.601542473
-0.609374166 -0.270872205 0.745178819 0.781227946 0.298056275 0.792643964 0.531862915 -0.897629738 -0.734728277 0.546208680 -0.402281612 0.591677308
-0.608619332 -0.270795226 0.745823324 0.780501187 0.297996581 0.793142736 0.531152248 -0.903070390 -0.735377729 0.545522332 -0.402026027 0.581222415
-0.607296586 -0.279148787 0.743819118 0.781089962 0.288819075 0.794611394 0.534019172 -0.910731852 -0.740117848 0.539137065 -0.401941299 0.562004447
-0.607264996 -0.283642024 0.742143154 0.779191494 0.282724857 0.795809090 0.535494745 -0.910985172 -0.742493093 0.535009563 -0.403074354 0.551813900
-0.614243507 -0.289918780 0.733929157 0.776978910 0.268193483 0.798003614 0.539687395 -0.899642467 -0.742143512 0.528334498 -0.412414253 0.537975252
-0.620592713 -0.292568505 0.727508426 0.776266396 0.263670862 0.795901477 0.544994175 -0.893207729 -0.738473058 0.530042171 -0.416788846 0.531446695
-0.637073994 -0.294435263 0.712351441 0.773068786 0.255114436 0.791539609 0.555321276 -0.868043959 -0.727360547 0.535511851 -0.429154605 0.520313323
-0.646022737 -0.295656085 0.703734398 0.771189272 0.248248890 0.790443182 0.559975147 -0.851370931 -0.721822023 0.536458015 -0.437247902 0.518213391
-0.661482871 -0.296477437 0.688869774 0.769716382 0.237276703 0.788621962 0.567252517 -0.816947937 -0.711435378 0.538680494 -0.451312691 0.514181018
-0.670865417 -0.297323167 0.679366350 0.769696534 0.230042383 0.787478685 0.571802199 -0.801124871 -0.704996526 0.539885223 -0.459895313 0.512867510
-0.681529284 -0.296577871 0.668998837 0.768368483 0.223551393 0.786115110 0.576236010 -0.786763370 -0.696808815 0.542277277 -0.469460070 0.510975242
-0.705944300 -0.292175770 0.645194590 0.771361709 0.213872999 0.780485630 0.587452710 -0.751299739 -0.675204575 0.552698493 -0.488490760 0.512454808
-0.718402088 -0.289562285 0.632496774 0.769548416 0.210249156 0.776337206 0.594218612 -0.731849670 -0.663094163 0.559869766 -0.496842086 0.508739769
-0.744478405 -0.282115787 0.605113745 0.773021758 0.201404840 0.769218326 0.606415093 -0.696051478 -0.636543870 0.573335707 -0.515846908 0.513151109
-0.755150914 -0.281323612 0.592118442 0.777217865 0.196079671 0.764956892 0.613509297 -0.675638914 -0.625539780 0.579394460 -0.522495985 0.515435696
-0.769156992 -0.276313931 0.576236308 0.784923911 0.192429334 0.759704947 0.621143579 -0.636751890 -0.609400034 0.588641584 -0.531161427 0.517043173
-0.773135781 -0.273385465 0.572294950 0.795077085 0.191364482 0.759728014 0.621444225 -0.612778485 -0.604682267 0.589977682 -0.535056710 0.518883884
-0.775409222 -0.270814568 0.570438504 0.799508214 0.191453636 0.760016918 0.621063590 -0.600887001 -0.601735950 0.590790808 -0.537475705 0.520161629
-0.775172532 -0.266737312 0.572676778 0.815620184 0.197691217 0.758548200 0.620904922 -0.579907954 -0.600021482 0.594521642 -0.535274029 0.514785051
-0.773374200 -0.267323017 0.574831128 0.826387763 0.199114144 0.758431554 0.620592594 -0.571700096 -0.601868689 0.594407201 -0.533323646 0.512560904
-0.770524383 -0.267799169 0.578425288 0.836565197 0.200397298 0.759669662 0.618662298 -0.567932189 -0.605089307 0.592609286 -0.531677723 0.508771658
-0.761348426 -0.270942926 0.589014828 0.860796034 0.201633990 0.764490962 0.612288654 -0.567663908 -0.616191804 0.584930360 -0.527412653 0.493569076
-0.756720960 -0.277057678 0.592125475 0.872545779 0.200768664 0.763491809 0.613817811 -0.571768999 -0.622145832 0.583368897 -0.522125661 0.486758351
-0.751369715 -0.281456947 0.596846342 0.885349631 0.204806015 0.760342658 0.616387606 -0.572300732 -0.627294302 0.585372627 -0.513654232 0.476054579
-0.743511915 -0.289914906 0.602610350 0.914573967 0.209844902 0.754469752 0.621884704 -0.582649827 -0.634945035 0.588833332 -0.500120044 0.460671306
-0.740764976 -0.290951550 0.605486929 0.929579198 0.216780663 0.749581873 0.625406563 -0.587103367 -0.635824919 0.594537139 -0.492191225 0.452848911
-0.738164783 -0.293135196 0.607605517 0.947250307 0.221621796 0.745306015 0.628810525 -0.588585436 -0.637178540 0.598824441 -0.485193521 0.444122672
-0.734870195 -0.288789451 0.613650084 0.982004166 0.226469591 0.748384953 0.623403132 -0.591228366 -0.639278769 0.597093344 -0.484563798 0.425258219
-0.734687686 -0.283044070 0.616538882 1.000338316 0.229166195 0.751838982 0.618240297 -0.594357371 -0.638527095 0.595503330 -0.487502754 0.416463763
-0.735213876 -0.278851718 0.617820621 1.022937775 0.231671378 0.753198802 0.615646005 -0.591878057 -0.637015641 0.595762730 -0.489160240 0.408841521
-0.736285210 -0.270979226 0.620043874 1.058248639 0.228927135 0.762530148 0.605095148 -0.588306248 -0.636770427 0.587467492 -0.499405205 0.385831565
-0.737218857 -0.265578806 0.621269882 1.079386950 0.230193719 0.765770674 0.600504935 -0.585926592 -0.635231674 0.585716009 -0.503406048 0.374383271
-0.740441442 -0.259128004 0.620160699 1.121633053 0.234771565 0.764858782 0.599894404 -0.582131028 -0.629784882 0.589782774 -0.505497277 0.357961088
-0.746119738 -0.243083224 0.619851530 1.163700223 0.246025264 0.764426589 0.595922530 -0.580263734 -0.618689835 0.597128630 -0.510549068 0.337565064
-0.749510944 -0.231396973 0.620232880 1.185489893 0.255427986 0.763278663 0.593432605 -0.576235294 -0.610729158 0.603208959 -0.512980402 0.328885525
-0.757163048 -0.210396454 0.618415356 1.224647045 0.271986395 0.759199500 0.591303289 -0.567806244 -0.593908787 0.615913391 -0.517612815 0.308199137
-0.762154937 -0.201471254 0.615247309 1.245482564 0.276580751 0.757919788 0.590813637 -0.563416362 -0.585340083 0.620456994 -0.521929204 0.299709648
-0.772593021 -0.190383017 0.605685115 1.277545810 0.278713256 0.755446672 0.592974961 -0.551213443 -0.570455194 0.626940668 -0.530590475 0.276977807
-0.778279662 -0.186453089 0.599596679 1.292545557 0.276953995 0.755063653 0.594285548 -0.542821527 -0.563540101 0.628580987 -0.536011815 0.265550673
-0.790086806 -0.183366895 0.584926784 1.316872835 0.270599037 0.751876473 0.601213753 -0.523193717 -0.550035417 0.633291662 -0.544428885 0.243176371
-0.796795666 -0.186617747 0.574708939 1.327932715 0.263446122 0.748665690 0.608354926 -0.513543308 -0.543794751 0.636139452 -0.547369897 0.232560202
-0.809524000 -0.184922770 0.557202399 1.344680548 0.257613242 0.740956485 0.620176494 -0.490694761 -0.527547479 0.645590484 -0.552183509 0.205425814
-0.814614058 -0.182221830 0.550635219 1.351257682 0.256775349 0.737957180 0.624087870 -0.477921903 -0.520067632 0.649780273 -0.554360271 0.188256636
-0.825003266 -0.183915332 0.534363806 1.364757061 0.246161938 0.734195113 0.632741451 -0.456502378 -0.508698225 0.653553843 -0.560440481 0.158616617
