1.000000000 0.000000000 0.000000000 0.000000000 0.000000000 1.000000000 0.000000000 0.000000000 0.000000000 0.000000000 1.000000000 0.000000000
1.000000000 0.000008610 0.000021309 0.000040708 -0.000008611 1.000000000 0.000026183 -0.000036499 -0.000021309 -0.000026184 1.000000000 0.000108299
1.000000000 0.000073616 -0.000056730 0.000154958 -0.000073627 1.000000000 -0.000184925 0.000328184 0.000056716 0.000184929 1.000000000 0.000039435
1.000000000 0.000126335 0.000017041 -0.000027795 -0.000126334 1.000000000 -0.000041969 0.000175778 -0.000017047 0.000041967 1.000000000 0.000099812
0.999999940 0.000222894 0.000172580 0.000022549 -0.000222916 0.999999940 0.000128019 -0.000051067 -0.000172551 -0.000128058 1.000000000 0.000336596
0.999999881 0.000099122 0.000500477 0.000023515 -0.000099088 1.000000000 -0.000066915 -0.000003485 -0.000500483 0.000066865 0.999999881 0.000324327
0.999999642 0.000228019 0.000825034 0.000059211 -0.000228232 0.999999940 0.000257592 -0.000046165 -0.000824976 -0.000257780 0.999999642 0.000636122
0.999999821 0.000199329 0.000577572 -0.000084245 -0.000199609 0.999999881 0.000483928 -0.000747069 -0.000577475 -0.000484043 0.999999702 0.000446997
1.000000000 0.000042142 0.000192060 0.000220380 -0.000042169 1.000000000 0.000141695 -0.000164917 -0.000192054 -0.000141703 1.000000000 0.000304250
1.000000000 -0.000153757 0.000063376 0.000083998 0.000153759 1.000000000 -0.000037924 0.000094692 -0.000063370 0.000037934 1.000000000 0.000001932
0.999999881 0.000231991 0.000463532 0.000117096 -0.000232007 1.000000000 0.000033855 -0.000019951 -0.000463524 -0.000033963 0.999999881 0.000548301
0.999997616 0.000303290 0.002161919 0.000302457 -0.000303679 0.999999940 0.000179680 0.000144783 -0.002161865 -0.000180336 0.999997675 0.000871955
0.999999225 -0.000192634 0.001218914 -0.000905164 0.000193022 0.999999940 -0.000318736 0.000536790 -0.001218852 0.000318971 0.999999225 0.000156109
0.999999940 -0.000332246 0.000134116 -0.000095380 0.000332269 0.999999940 -0.000173473 0.000057065 -0.000134058 0.000173517 1.000000000 0.000178608
0.999999523 -0.000602957 -0.000770824 -0.000367326 0.000602383 0.999999523 -0.000743659 0.001049402 0.000771272 0.000743194 0.999999404 0.000341488
0.999999702 -0.000528692 -0.000553296 -0.000272147 0.000528905 0.999999762 0.000384044 -0.000202301 0.000553093 -0.000384336 0.999999762 -0.000197667
0.999999821 -0.000539773 -0.000249709 -0.000248228 0.000539966 0.999999583 0.000773798 -0.000446693 0.000249291 -0.000773932 0.999999642 0.000430574
0.999999940 -0.000305446 -0.000190521 -0.000065300 0.000305634 0.999999464 0.000986551 -0.000503242 0.000190219 -0.000986609 0.999999523 0.000066362
0.999999762 -0.000676554 0.000108891 -0.000273895 0.000676464 0.999999404 0.000825653 -0.000478617 -0.000109450 -0.000825579 0.999999642 0.000184884
0.999999940 -0.000271121 -0.000036035 -0.000353983 0.000271129 0.999999940 0.000221580 0.000582951 0.000035975 -0.000221590 1.000000000 0.000157485
0.999999702 -0.000497258 -0.000582340 0.000541696 0.000497800 0.999999464 0.000930903 -0.000677537 0.000581876 -0.000931193 0.999999404 0.000242214
0.999999940 0.000294296 -0.000082864 -0.000116973 -0.000294283 0.999999940 0.000146845 0.000217400 0.000082907 -0.000146820 1.000000000 0.000143139
0.999999940 -0.000048213 -0.000250437 0.000189889 0.000048259 1.000000000 0.000185353 -0.000375831 0.000250428 -0.000185365 0.999999940 -0.000380377
1.000000000 0.000096352 0.000168658 -0.000268108 -0.000096412 0.999999940 0.000357637 -0.000567236 -0.000168624 -0.000357653 0.999999940 0.000107094
0.999999940 0.000299566 0.000141074 -0.000036550 -0.000299530 0.999999940 -0.000249445 0.000415777 -0.000141149 0.000249402 0.999999940 0.000048600
1.000000000 0.000096473 0.000162386 -0.000019402 -0.000096467 1.000000000 -0.000037316 0.000000827 -0.000162389 0.000037301 1.000000000 0.000012674
1.000000000 0.000104062 0.000023790 -0.000030500 -0.000104062 1.000000000 0.000015938 0.000010890 -0.000023788 -0.000015940 1.000000000 -0.000150886
1.000000000 0.000070115 0.000068513 -0.000039401 -0.000070110 1.000000000 -0.000065968 -0.000008514 -0.000068517 0.000065963 1.000000000 -0.000023285
1.000000000 -0.000033995 -0.000003164 0.000038064 0.000033996 1.000000000 0.000153289 -0.000323472 0.000003159 -0.000153289 1.000000000 -0.000175434
1.000000000 0.000033739 0.000173232 -0.000200981 -0.000033763 1.000000000 0.000139667 -0.000293847 -0.000173227 -0.000139673 1.000000000 -0.000004554
1.000000000 -0.000009829 -0.000018586 0.000170467 0.000009826 1.000000000 -0.000160957 0.000194046 0.000018587 0.000160956 1.000000000 0.000131551
1.000000000 0.000088076 0.000000439 0.000086348 -0.000088076 1.000000000 0.000141372 -0.000286403 -0.000000427 -0.000141372 1.000000000 0.000199550
0.999999940 0.000024994 0.000377454 -0.000826306 -0.000025132 0.999999940 0.000364592 -0.000776403 -0.000377445 -0.000364601 0.999999881 0.000256085
0.999999940 0.000065314 0.000239457 -0.000558001 -0.000065424 0.999999881 0.000455789 -0.000797216 -0.000239428 -0.000455805 0.999999881 0.000278798
1.000000000 0.000177494 0.000003110 0.000082485 -0.000177494 1.000000000 0.000022805 0.000003976 -0.000003106 -0.000022805 1.000000000 0.000231712
1.000000000 -0.000010645 0.000062858 -0.000029651 0.000010647 1.000000000 -0.000029689 -0.000001330 -0.000062857 0.000029690 1.000000000 0.000072650
0.999999940 0.000225511 0.000353214 -0.000494104 -0.000225488 1.000000000 -0.000065222 0.000213882 -0.000353229 0.000065142 0.999999940 0.000662899
1.000000000 0.000160416 0.000181580 -0.000337152 -0.000160432 1.000000000 0.000085187 -0.000021793 -0.000181566 -0.000085216 1.000000000 0.000192597
1.000000000 0.000018351 0.000057017 -0.000050140 -0.000018351 1.000000000 -0.000004907 0.000015191 -0.000057017 0.000004906 1.000000000 -0.000077907
1.000000000 -0.000039933 -0.000006686 -0.000040463 0.000039933 1.000000000 -0.000006969 0.000003478 0.000006686 0.000006969 1.000000000 -0.000054774
0.999999940 0.000354244 -0.000108622 -0.000007426 -0.000354279 0.999999881 -0.000323271 0.000104858 0.000108507 0.000323310 0.999999940 -0.000169638
0.999999881 0.000375352 0.000341973 -0.000819162 -0.000375374 0.999999940 0.000064327 -0.001144041 -0.000341948 -0.000064455 0.999999940 -0.000354040
0.999999881 0.000357474 0.000333239 -0.000659359 -0.000357020 0.999998987 -0.001359665 -0.000795108 -0.000333725 0.001359546 0.999999046 -0.000189067
0.999999940 0.000156102 0.000244349 -0.000293450 -0.000155684 0.999998510 -0.001708039 -0.000570106 -0.000244615 0.001708001 0.999998510 -0.000299784
0.999999940 0.000149712 0.000394152 -0.000908419 -0.000149258 0.999999344 -0.001151149 -0.000829677 -0.000394324 0.001151090 0.999999285 -0.000489363
0.999999940 -0.000330023 0.000051610 -0.000113408 0.000330066 0.999999583 -0.000833438 -0.000414840 -0.000051335 0.000833455 0.999999642 0.000157548
0.999999940 0.000096905 0.000278048 -0.000499048 -0.000096817 0.999999940 -0.000314642 -0.001051071 -0.000278079 0.000314615 0.999999940 0.000177848
1.000000000 0.000119490 0.000126357 -0.000505935 -0.000119439 0.999999940 -0.000404897 -0.000467033 -0.000126406 0.000404882 0.999999881 -0.000329409
0.999999702 0.000501945 0.000563882 -0.001517315 -0.000501734 0.999999821 -0.000375364 -0.000159061 -0.000564071 0.000375081 0.999999762 -0.000014426
0.999999940 0.000226534 0.000179517 -0.000741038 -0.000226489 0.999999940 -0.000249859 -0.000510481 -0.000179574 0.000249819 0.999999940 -0.000188494
1.000000000 0.000053985 -0.000061527 -0.000149402 -0.000053979 1.000000000 0.000107844 -0.001243862 0.000061533 -0.000107841 1.000000000 -0.000333824
0.999999940 0.000222406 0.000176377 -0.000623893 -0.000222295 0.999999762 -0.000630703 -0.001502804 -0.000176517 0.000630664 0.999999762 0.000416277
0.999999940 0.000230871 0.000249944 -0.000307743 -0.000230859 1.000000000 -0.000046400 -0.002486219 -0.000249955 0.000046343 0.999999940 -0.000000702
0.999999881 0.000062831 0.000492854 -0.000833198 -0.000062715 1.000000000 -0.000233737 -0.001290938 -0.000492869 0.000233706 0.999999881 0.000126459
1.000000000 -0.000008178 0.000205199 -0.000395089 0.000008168 1.000000000 0.000050339 -0.001536276 -0.000205200 -0.000050338 1.000000000 -0.000044554
1.000000000 0.000158236 -0.000115961 -0.000361686 -0.000158309 0.999999762 -0.000627772 -0.002145771 0.000115862 0.000627791 0.999999821 -0.000630476
1.000000000 0.000049985 0.000032847 -0.000403730 -0.000049976 0.999999940 -0.000287963 -0.001919809 -0.000032861 0.000287961 0.999999940 -0.000250866
1.000000000 0.000120995 0.000162198 -0.000707838 -0.000120945 0.999999940 -0.000308473 -0.002278745 -0.000162235 0.000308453 0.999999940 -0.000466131
0.999999940 0.000061291 -0.000406342 0.000572713 -0.000061947 0.999998689 -0.001615189 -0.001451197 0.000406243 0.001615214 0.999998629 -0.000756716
0.999999940 0.000002593 -0.000283905 0.000306949 -0.000003160 0.999998033 -0.001997591 -0.001819675 0.000283899 0.001997591 0.999997973 -0.000580982
1.000000000 0.000102024 0.000061654 -0.000476735 -0.000101896 0.999997854 -0.002064701 -0.001015378 -0.000061864 0.002064695 0.999997854 -0.000555718
0.999999821 -0.000077883 -0.000540351 0.000730980 0.000076769 0.999997854 -0.002059893 -0.001673860 0.000540511 0.002059852 0.999997735 -0.000869731
1.000000000 0.000025589 -0.000234706 0.000048896 -0.000026251 0.999996006 -0.002819019 -0.000211557 0.000234632 0.002819025 0.999996006 -0.000244273
0.999999821 -0.000413104 -0.000363767 0.000048662 0.000412215 0.999996960 -0.002440696 -0.000808392 0.000364775 0.002440546 0.999996960 -0.000536841
1.000000000 0.000049874 -0.000132967 0.000202266 -0.000050093 0.999998629 -0.001643397 -0.001843273 0.000132885 0.001643404 0.999998629 -0.000404223
0.999999940 -0.000306045 -0.000005192 0.000078960 0.000306036 0.999998689 -0.001600895 -0.001645760 0.000005682 0.001600894 0.999998748 -0.000550384
0.999999940 -0.000067932 -0.000324502 0.000630622 0.000067413 0.999998748 -0.001597580 -0.002080993 0.000324610 0.001597558 0.999998689 -0.001021056
0.999999881 -0.000369822 -0.000269399 0.000017813 0.000369244 0.999997616 -0.002143941 -0.002052501 0.000270191 0.002143842 0.999997675 -0.000810759
0.999999940 -0.000309345 -0.000140102 -0.000152367 0.000309109 0.999998510 -0.001681726 -0.001942788 0.000140622 0.001681683 0.999998569 -0.000728435
0.999999821 -0.000466987 -0.000357612 0.000021136 0.000466292 0.999998033 -0.001940579 -0.002078753 0.000358518 0.001940412 0.999998033 -0.001015165
0.999999702 -0.000702247 -0.000359153 -0.000218246 0.000701429 0.999997199 -0.002273011 -0.001670763 0.000360748 0.002272758 0.999997377 -0.000506594
0.999999642 -0.000660033 -0.000471548 -0.000249783 0.000659108 0.999997854 -0.001960541 -0.002512185 0.000472841 0.001960230 0.999997973 -0.000995014
0.999999464 -0.000851454 -0.000610605 -0.000021797 0.000850100 0.999997199 -0.002213938 -0.002520795 0.000612489 0.002213418 0.999997377 -0.000730260
0.999999344 -0.001105495 -0.000220555 -0.001158475 0.001104971 0.999996603 -0.002362143 -0.000851548 0.000223166 0.002361898 0.999997199 -0.001060408
0.999999940 -0.000195554 -0.000240453 -0.000080252 0.000195130 0.999998450 -0.001763526 -0.002682048 0.000240797 0.001763479 0.999998391 -0.001102450
0.999999523 -0.000887693 -0.000435198 -0.000343902 0.000886345 0.999994814 -0.003089554 -0.001456152 0.000437939 0.003089167 0.999995112 -0.000600622
0.999999821 -0.000491284 -0.000284940 -0.000634333 0.000490612 0.999997139 -0.002351774 -0.002335839 0.000286095 0.002351634 0.999997199 -0.000788301
0.999999642 -0.000463858 -0.000666714 0.000628414 0.000461303 0.999992549 -0.003827323 -0.001096575 0.000668484 0.003827014 0.999992430 -0.000883562
0.999998987 -0.001239717 -0.000701667 -0.000000707 0.001237641 0.999994874 -0.002952004 -0.001611324 0.000705323 0.002951133 0.999995410 -0.000581475
0.999998808 -0.001170592 -0.001017125 0.000149827 0.001167792 0.999995530 -0.002748330 -0.002175972 0.001020337 0.002747139 0.999995708 -0.001103629
0.999999702 -0.000720271 -0.000208894 0.000271171 0.000719538 0.999993682 -0.003487705 -0.003036716 0.000211405 0.003487554 0.999993920 -0.001025869
0.999992251 -0.001687031 0.003556936 0.000342303 0.001707659 0.999981701 -0.005804244 -0.004094656 -0.003547078 0.005810273 0.999976814 -0.000994960
0.999986172 -0.000858109 0.005192615 0.000249127 0.000887586 0.999983490 -0.005677026 -0.006285424 -0.005187658 0.005681556 0.999970376 -0.000627953
0.999961376 -0.004627184 0.007472870 -0.001152073 0.004735112 0.999883771 -0.014490159 -0.008965231 -0.007404953 0.014524985 0.999867082 0.003150715
0.999938071 -0.007553804 0.008171716 -0.001600881 0.007748919 0.999679148 -0.024114687 -0.014393512 -0.007986937 0.024176516 0.999675810 0.005876940
0.999910355 -0.010471014 0.008346380 -0.001437200 0.010750247 0.999359071 -0.034144159 -0.021017747 -0.007983507 0.034230821 0.999382079 0.010151319
0.999855101 -0.014078047 0.009569519 -0.006022926 0.014485199 0.998930931 -0.043900143 -0.041064527 -0.008941260 0.044032402 0.998990119 0.016778041
0.999801874 -0.017998589 0.008503946 -0.007789433 0.018414535 0.998494446 -0.051669504 -0.056564331 -0.007561164 0.051815864 0.998628020 0.019157793
0.999765575 -0.020062581 0.008141668 -0.011235292 0.020499930 0.998120010 -0.057759948 -0.073848672 -0.006967548 0.057913311 0.998297274 0.022175651
0.999728501 -0.022469029 0.006165445 -0.011717328 0.022827832 0.997550726 -0.066116653 -0.091898590 -0.004664768 0.066239454 0.997792840 0.024124775
0.999732316 -0.022318397 0.006100319 -0.014758755 0.022688478 0.997327566 -0.069447599 -0.133116141 -0.004534058 0.069567412 0.997566938 0.025777537
0.999763191 -0.020630214 0.006929247 -0.015595684 0.021073757 0.997211337 -0.071592465 -0.147321090 -0.005432955 0.071721539 0.997409880 0.025958611
0.999784470 -0.019615779 0.006803541 -0.016377445 0.020040935 0.997388661 -0.069384284 -0.161302775 -0.005424748 0.069505677 0.997566819 0.030098602
0.999799430 -0.018540675 0.007572936 -0.019045956 0.019020446 0.997424603 -0.069154687 -0.169492826 -0.006271258 0.069284856 0.997577190 0.034642585
0.999820948 -0.017465917 0.007285057 -0.018772898 0.017928250 0.997445345 -0.069146991 -0.168697149 -0.006058731 0.069265217 0.997579873 0.040406182
0.999861538 -0.014484384 0.008189556 -0.023286596 0.015007205 0.997581780 -0.067863263 -0.160300478 -0.007186794 0.067976765 0.997660995 0.053343084
0.999857247 -0.015222823 0.007332972 -0.022529842 0.015663339 0.997806251 -0.064322509 -0.159814060 -0.006337715 0.064428188 0.997902215 0.059894338
0.999838233 -0.016464617 0.007237752 -0.024122721 0.016882971 0.997924268 -0.062146261 -0.157756984 -0.006199513 0.062258404 0.998040795 0.065149002
0.999808252 -0.018697070 0.005815674 -0.024733998 0.019017259 0.997956693 -0.060998257 -0.158930898 -0.004663302 0.061097160 0.998120904 0.069498971
0.999797881 -0.019674739 0.004129422 -0.025714850 0.019877549 0.998189569 -0.056766577 -0.161660269 -0.003005079 0.056837186 0.998378932 0.074914701
0.999827921 -0.018037217 0.004337433 -0.025607454 0.018257869 0.998161674 -0.057792131 -0.161664709 -0.003287051 0.057861380 0.998319209 0.077732749
0.999826252 -0.017998856 0.004846579 -0.026438735 0.018240161 0.998293638 -0.055472154 -0.166399971 -0.003839874 0.055550922 0.998448491 0.079626516
0.999834299 -0.017513318 0.004961918 -0.027873490 0.017765863 0.998244584 -0.056499027 -0.171921089 -0.003963722 0.056577820 0.998390317 0.079682246
0.999827802 -0.017987223 0.004561285 -0.027130822 0.018213570 0.998280466 -0.055716839 -0.177602828 -0.003551250 0.055790324 0.998436213 0.079479136
0.999813080 -0.018886201 0.004144401 -0.026254533 0.019086136 0.998295784 -0.055147458 -0.183782488 -0.003095812 0.055216249 0.998469591 0.077591762
0.999810934 -0.019093432 0.003680204 -0.023643017 0.019257585 0.998489916 -0.051449243 -0.198137209 -0.002692304 0.051510386 0.998668849 0.074376360
0.999826014 -0.018113261 0.004458551 -0.024462700 0.018300751 0.998755574 -0.046393331 -0.203507289 -0.003612668 0.046466853 0.998913288 0.072799429
0.999821126 -0.018415980 0.004311267 -0.023086209 0.018551534 0.999254525 -0.033856448 -0.211130634 -0.003684553 0.033930372 0.999417424 0.070208773
0.999915361 -0.011487505 0.006111951 -0.020987766 0.011523796 0.999915957 -0.005936080 -0.222285137 -0.006043246 0.006006011 0.999963701 0.066867106
0.999956191 -0.005506407 0.007572380 -0.019013111 0.005491836 0.999983013 0.001943688 -0.230134904 -0.007582954 -0.001902017 0.999969423 0.065857485
0.999925494 0.003300399 0.011751429 -0.019598320 -0.003362189 0.999980628 0.005242274 -0.239316732 -0.011733900 -0.005281394 0.999917209 0.066181257
0.999678552 0.019620528 0.016058289 -0.016423948 -0.019621594 0.999807477 -0.000091209 -0.259080231 -0.016056987 -0.000223910 0.999871075 0.071271695
0.999511540 0.024758333 0.019071164 -0.017830081 -0.024635036 0.999674261 -0.006673175 -0.268534362 -0.019230166 0.006200097 0.999795854 0.073982343
0.999300301 0.028532177 0.024183929 -0.021347098 -0.028226586 0.999518514 -0.012884737 -0.277294725 -0.024539914 0.012193091 0.999624491 0.076793551
0.999369264 0.022582894 0.027405601 -0.022174742 -0.022155633 0.999629736 -0.015795073 -0.289360583 -0.027752154 0.015177922 0.999499619 0.081535168
0.999141157 0.001102887 0.041424025 -0.029758923 -0.000343486 0.999831855 -0.018335044 -0.321059436 -0.041437283 0.018305071 0.998973429 0.094416030
0.998434544 -0.012926471 0.054418214 -0.033826150 0.014136176 0.999660075 -0.021903871 -0.334007144 -0.054116573 0.022638848 0.998277962 0.101748079
0.995174468 -0.035690561 0.091399148 -0.040608883 0.038230926 0.998925567 -0.026195299 -0.357057989 -0.090366021 0.029563172 0.995469749 0.115551017
0.989276528 -0.057806902 0.134127304 -0.043746240 0.061601620 0.997804642 -0.024313109 -0.375428647 -0.132427379 0.032314848 0.990665793 0.131766498
0.985097289 -0.067398593 0.158242524 -0.048597094 0.071942955 0.997139812 -0.023160543 -0.387163579 -0.156228945 0.034199819 0.987128615 0.141662300
0.980894446 -0.075490706 0.179296330 -0.049422853 0.081080168 0.996417642 -0.024042970 -0.392029226 -0.176838994 0.038120992 0.983501315 0.149090663
0.972995043 -0.089252122 0.212872237 -0.053304628 0.096081808 0.995131731 -0.021935740 -0.410790235 -0.209878072 0.041796520 0.976833761 0.165656403
0.969089329 -0.093340427 0.228371412 -0.058447443 0.100204244 0.994792581 -0.018620893 -0.421540976 -0.225444138 0.040929090 0.973395884 0.175990567
0.962646246 -0.099848233 0.251679242 -0.067835093 0.107372753 0.994085014 -0.016307849 -0.440950185 -0.248562291 0.042722184 0.967673242 0.193641305
0.960237682 -0.102270730 0.259777516 -0.067824870 0.110766336 0.993679047 -0.018237626 -0.441838384 -0.256270319 0.046287052 0.965496242 0.201312304
0.953179419 -0.112421967 0.280731738 -0.074611753 0.119854033 0.992747068 -0.009389097 -0.463306040 -0.277640104 0.042596322 0.959740341 0.219998300
0.943774819 -0.123530567 0.306642115 -0.078872159 0.129541025 0.991573751 0.000756970 -0.479561836 -0.304151773 0.039008319 0.951824665 0.238915473
0.937642753 -0.127833664 0.323240936 -0.081506997 0.134575114 0.990902245 0.001507498 -0.480661124 -0.320492923 0.042086691 0.946315467 0.247661829
0.922233462 -0.139895454 0.360436827 -0.081320681 0.146333247 0.989189565 0.009515382 -0.490576059 -0.357871532 0.043968495 0.932735085 0.265865177
0.911544859 -0.147041321 0.384011388 -0.084534787 0.153331324 0.988070309 0.014371376 -0.495499492 -0.381543428 0.045780815 0.923216522 0.279870063
0.887647331 -0.165529683 0.429746568 -0.080094911 0.171872213 0.984818757 0.024327867 -0.501230717 -0.427249491 0.052266926 0.902621746 0.301295847
0.872658908 -0.176004156 0.455509692 -0.083790839 0.181035995 0.982923806 0.032965317 -0.508847117 -0.453533322 0.053696167 0.889620304 0.313601911
0.857666194 -0.185052872 0.479754180 -0.081944548 0.190689594 0.980935037 0.037470825 -0.505026042 -0.477541775 0.059346672 0.876602471 0.325706780
0.823206425 -0.203208610 0.530129492 -0.083606735 0.208594829 0.976698875 0.050472543 -0.509165049 -0.528033376 0.069032975 0.846413076 0.353030592
0.803285062 -0.212813243 0.556276619 -0.089603662 0.216528714 0.974424124 0.060106907 -0.515569210 -0.554840922 0.072166882 0.828820586 0.370920777
0.769775331 -0.215781257 0.600736499 -0.073214784 0.243976355 0.969131947 0.035478979 -0.434323192 -0.589848638 0.119254641 0.798659444 0.417631686
0.751129746 -0.224560693 0.620786965 -0.075059861 0.253063321 0.966475308 0.043410867 -0.436387748 -0.609723628 0.124491237 0.782776535 0.434256494
0.713782132 -0.238473728 0.658517540 -0.074212641 0.266951412 0.961903155 0.058986247 -0.440843403 -0.647496700 0.133688882 0.750250161 0.464905143
0.675368249 -0.253020436 0.692718029 -0.071795344 0.281839579 0.956556320 0.074608721 -0.442671567 -0.681501329 0.144846991 0.717338920 0.493010670
0.655081093 -0.256842762 0.710563421 -0.071820930 0.284163117 0.955152392 0.083277687 -0.440230757 -0.700085700 0.147362292 0.698687553 0.513586640
0.613656402 -0.270256788 0.741880774 -0.069914937 0.297132403 0.949570835 0.100138344 -0.445709735 -0.731531262 0.158986256 0.663012326 0.548421562
0.593090296 -0.275927037 0.756378293 -0.067763329 0.303291142 0.946805835 0.107578874 -0.446753860 -0.745827317 0.165598840 0.645227551 0.565007329
0.551816285 -0.281128526 0.785153210 -0.065584734 0.315713614 0.941818714 0.115335748 -0.448416859 -0.771896124 0.184239402 0.608466983 0.603929818
0.530527174 -0.284426063 0.798525333 -0.063675106 0.323737651 0.938603699 0.119234540 -0.447488099 -0.783412337 0.195255548 0.590034246 0.624911964
0.489200741 -0.294921607 0.820794582 -0.061093763 0.340038598 0.931116164 0.131895512 -0.451939762 -0.803153992 0.214578465 0.555787563 0.665729642
0.466041565 -0.299230248 0.832626224 -0.058969915 0.346245527 0.927699864 0.139595747 -0.455587387 -0.814198554 0.223235711 0.535953760 0.690117598
0.423477262 -0.302653491 0.853854656 -0.054057300 0.356477499 0.922172666 0.150070801 -0.452315420 -0.832820892 0.240828425 0.498408437 0.728758335
0.401570320 -0.302996337 0.864253700 -0.053271472 0.363380075 0.918937564 0.153325409 -0.447869211 -0.840652227 0.252481580 0.479120910 0.748472571
0.355756551 -0.311999917 0.880961537 -0.050819501 0.377323627 0.910338640 0.170030400 -0.457611710 -0.855022848 0.271918148 0.441583991 0.788974285
0.331931770 -0.312545002 0.890020669 -0.050917566 0.386771560 0.905651927 0.173788294 -0.454339594 -0.860365570 0.286548823 0.421498209 0.811751068
0.290242523 -0.316495955 0.903099895 -0.047254279 0.398118585 0.898113430 0.186799198 -0.457148045 -0.870207369 0.305323750 0.386673599 0.843247890
0.268254936 -0.318405837 0.909206808 -0.047184274 0.404477268 0.893805683 0.193674237 -0.457363397 -0.874321163 0.315799415 0.368555665 0.861006081
0.226141185 -0.322045237 0.919318736 -0.047692388 0.410935700 0.887215734 0.209714115 -0.458049297 -0.883171618 0.330355883 0.332975984 0.892320752
0.205531761 -0.327993870 0.922050238 -0.047153085 0.413133770 0.883177876 0.222075522 -0.459564447 -0.887173712 0.335286558 0.317026377 0.908075929
0.165855676 -0.337079197 0.926752210 -0.047648557 0.409013033 0.878638148 0.246380344 -0.458819360 -0.897329569 0.338190109 0.283596933 0.937312365
0.148619384 -0.343696654 0.927245855 -0.049357794 0.406855524 0.875875115 0.259444445 -0.460394919 -0.901321769 0.338696599 0.270006865 0.947584391
0.122416869 -0.349970996 0.928727269 -0.048815958 0.403056920 0.872655153 0.275713891 -0.460405082 -0.906950533 0.340577900 0.247885883 0.975041032
0.113497034 -0.351647705 0.929226637 -0.048152331 0.401633441 0.871684134 0.280815780 -0.462375313 -0.908740342 0.341336787 0.240166992 0.988855839
0.099818915 -0.345176369 0.933214545 -0.048684821 0.402684778 0.871672869 0.279341221 -0.459713489 -0.909879804 0.347907752 0.226006657 1.016988516
0.095658958 -0.343110681 0.934411287 -0.045910329 0.404551715 0.871094644 0.278445780 -0.461920798 -0.909498394 0.351381868 0.222133994 1.030182600
0.093882889 -0.341534972 0.935168326 -0.045607921 0.405714929 0.870907724 0.277335912 -0.461807370 -0.909165204 0.353374630 0.220329210 1.039153695
0.089937955 -0.348659247 0.932924330 -0.042708084 0.406861812 0.867854536 0.285117567 -0.460353822 -0.909051538 0.353928357 0.219909117 1.072422624
0.090407193 -0.352470577 0.931445599 -0.042322375 0.408622980 0.866052330 0.288063496 -0.458569139 -0.908214629 0.354567051 0.222324878 1.086442351
0.093421027 -0.361184776 0.927802801 -0.037505344 0.419324815 0.859471560 0.292361975 -0.460969388 -0.903016806 0.361737996 0.231746405 1.109961033
0.095856413 -0.363559663 0.926626027 -0.034790121 0.427617043 0.855674803 0.291486502 -0.459218144 -0.898863316 0.368300229 0.237486213 1.120801449
0.100883037 -0.365579396 0.925296843 -0.025597662 0.440811723 0.850193918 0.287845969 -0.458482891 -0.891912401 0.378842920 0.246921822 1.145116329
0.103523359 -0.363904417 0.925665438 -0.021309368 0.436359823 0.852936745 0.286511719 -0.461711138 -0.893796921 0.374262512 0.247092143 1.153285265
0.107965231 -0.359568626 0.926851571 -0.015444338 0.430115402 0.857424259 0.282532126 -0.456690162 -0.896294653 0.368149579 0.247228026 1.160964251
0.115341008 -0.351247311 0.929151058 -0.000174493 0.414505064 0.867080510 0.276327759 -0.454940110 -0.902708173 0.353265911 0.245603651 1.175260186
0.120638743 -0.344457626 0.931018353 0.007305428 0.407389253 0.872431934 0.269993484 -0.450199783 -0.905251503 0.346715271 0.245577425 1.180206656
0.127713442 -0.340904206 0.931382596 0.023372293 0.395901471 0.878536522 0.267274499 -0.455987334 -0.909368515 0.334601194 0.247165367 1.190429091
0.130995184 -0.337362528 0.932215989 0.030325726 0.392205834 0.881239653 0.263801634 -0.454920202 -0.910502493 0.331063777 0.247753695 1.191710234
0.121880382 -0.328723878 0.936528563 0.049428284 0.388653278 0.884023130 0.259714782 -0.453233361 -0.913287342 0.332330763 0.235504672 1.208202958
0.111547649 -0.323729426 0.939551055 0.057170779 0.393298447 0.882637382 0.257425219 -0.453151435 -0.912618995 0.340808809 0.225778371 1.214918852
0.097377583 -0.316493988 0.943583131 0.066206455 0.397040665 0.881730914 0.254773170 -0.453147024 -0.912620544 0.349831671 0.211521819 1.219954729
0.062298194 -0.303939939 0.950652122 0.085348807 0.412825674 0.875048697 0.252714872 -0.455492258 -0.908677042 0.376709878 0.179988131 1.221273541
0.039006740 -0.297704995 0.953860641 0.090394914 0.414820075 0.873268962 0.255588472 -0.454825163 -0.909066975 0.385710925 0.157557368 1.227412939
-0.010045275 -0.303308725 0.952839375 0.101932511 0.418814212 0.864004970 0.279446185 -0.459010780 -0.908016443 0.401869744 0.118350834 1.238107800
-0.030219257 -0.310331315 0.950148046 0.104629800 0.423548758 0.857045293 0.293393642 -0.462360412 -0.905369163 0.411300093 0.105541140 1.235996008
-0.049695075 -0.318516731 0.946613729 0.104745090 0.427447021 0.849815905 0.308386177 -0.469295740 -0.902673542 0.419952452 0.093917400 1.241896629
-0.074669942 -0.337804526 0.938249707 0.106641904 0.436931372 0.834670544 0.335285127 -0.482083052 -0.896390200 0.434986413 0.085272610 1.235146046
-0.084073186 -0.346451879 0.934292614 0.108986884 0.438119411 0.829270303 0.346932352 -0.499050438 -0.894976497 0.438499510 0.082067817 1.229513884
-0.098113328 -0.353384972 0.930318713 0.112084530 0.443803281 0.821186781 0.358735234 -0.532807291 -0.890736878 0.448075235 0.076264054 1.215352535
-0.101844966 -0.355137467 0.929249704 0.114535064 0.447211206 0.818051636 0.361654133 -0.550715983 -0.888611197 0.452403486 0.075506955 1.201669335
-0.106052279 -0.356052369 0.928428531 0.115534537 0.447998762 0.816452503 0.364283442 -0.568774700 -0.887721777 0.454567939 0.072924346 1.192378879
-0.111748144 -0.357728899 0.927115023 0.128041565 0.444672555 0.816340625 0.368584216 -0.607188225 -0.888694882 0.453451246 0.067847729 1.166605353
-0.114705965 -0.356118113 0.927373946 0.128909141 0.441969812 0.817758560 0.368691862 -0.621677756 -0.889665842 0.452162445 0.063591599 1.152162075
-0.117435113 -0.358127922 0.926257730 0.141784519 0.423466712 0.825603724 0.372900128 -0.647772849 -0.898267746 0.436030895 0.054700375 1.123090029
-0.116567582 -0.361278474 0.925143123 0.149546534 0.413675666 0.829186201 0.375929177 -0.655219793 -0.902931035 0.426530302 0.052795887 1.106974959
-0.117634758 -0.366280288 0.923038900 0.158719108 0.395410389 0.835356057 0.381878197 -0.680393338 -0.910940528 0.409901291 0.046564102 1.074937820
-0.116475195 -0.367414355 0.922735155 0.167487711 0.392803311 0.836269677 0.382568419 -0.686707556 -0.912216544 0.407013178 0.046916872 1.057489753
-0.119297847 -0.367497951 0.922341108 0.181779921 0.401863277 0.831606328 0.383323491 -0.699249983 -0.907895267 0.416384727 0.048475027 1.031009316
-0.120081663 -0.366118878 0.922787845 0.189116105 0.404850006 0.830652654 0.382246792 -0.701366663 -0.906463921 0.419491529 0.048477113 1.021432757
-0.120459825 -0.364692450 0.923303246 0.210385233 0.401797235 0.832577884 0.381278098 -0.713259757 -0.907771111 0.416909367 0.046240181 0.994088531
-0.119517386 -0.364369869 0.923553050 0.219943181 0.398533463 0.834380507 0.380762935 -0.720533311 -0.909333050 0.413574606 0.045490593 0.981393516
-0.121494353 -0.364415348 0.923277020 0.233946219 0.395058453 0.835566580 0.381782055 -0.731047809 -0.910586596 0.411132753 0.042448699 0.970146179
-0.121992260 -0.358654767 0.925464511 0.258485407 0.389698446 0.840243042 0.376996994 -0.732909381 -0.912826896 0.406642824 0.037264049 0.944818497
-0.126512170 -0.353846490 0.926707745 0.274484515 0.390134066 0.841179609 0.374449372 -0.733901560 -0.912025273 0.408912629 0.031628102 0.935659647
-0.134181425 -0.347839594 0.927902520 0.288014829 0.390435994 0.842070997 0.372124076 -0.742434800 -0.910799146 0.412218571 0.022818834 0.921393394
-0.145368144 -0.340347648 0.928994954 0.303053051 0.389271021 0.843562007 0.369961083 -0.755709171 -0.909580231 0.415411413 0.009860436 0.910490155
-0.171241418 -0.334610462 0.926667273 0.334546834 0.385322422 0.842897534 0.375566810 -0.761776984 -0.906754136 0.421378195 -0.015406043 0.886642814
-0.183653533 -0.339389682 0.922543287 0.348076969 0.384567499 0.838897109 0.385174572 -0.761986434 -0.904643178 0.425518811 -0.023548201 0.877218544
-0.204437137 -0.353497148 0.912822664 0.377429217 0.376558840 0.832358956 0.406671733 -0.767874658 -0.903553545 0.426870227 -0.037052605 0.862147152
-0.212815464 -0.357429415 0.909370005 0.393091887 0.372860163 0.830553949 0.413709313 -0.769380569 -0.903152704 0.427111626 -0.043483529 0.852672994
-0.226852104 -0.358920157 0.905380845 0.423710614 0.367032975 0.829571068 0.420830667 -0.775384486 -0.902122438 0.427770913 -0.056454450 0.837640524
-0.232151106 -0.353868067 0.906026065 0.439226627 0.365982115 0.831244946 0.418436289 -0.777898312 -0.901200831 0.428729802 -0.063465066 0.829437256
-0.237522349 -0.345537007 0.907847643 0.456077576 0.364204139 0.834738076 0.412998348 -0.781965792 -0.900521219 0.428738147 -0.072422959 0.824907839
-0.244820654 -0.331756979 0.911043465 0.490511924 0.365578204 0.838699400 0.403653085 -0.790880799 -0.898006380 0.431880236 -0.084047846 0.811774075
-0.247378036 -0.328920722 0.911381006 0.509937525 0.366605937 0.838912785 0.402275234 -0.799581885 -0.896885812 0.433631718 -0.086944334 0.806660354
-0.248491719 -0.324584037 0.912631989 0.525938690 0.371167958 0.838360906 0.399230868 -0.801120877 -0.894698977 0.437945217 -0.087850563 0.804175019
-0.254346341 -0.318914145 0.913017988 0.555913091 0.387230784 0.831503093 0.398315102 -0.811528623 -0.886205554 0.454858631 -0.087996438 0.796953738
-0.262367398 -0.317242056 0.911329150 0.573376894 0.394984871 0.826366186 0.401379943 -0.819783211 -0.880426228 0.465270251 -0.091505744 0.790632784
-0.288289487 -0.314584076 0.904392600 0.604722917 0.407606274 0.814329863 0.413187593 -0.832330525 -0.866456211 0.487753779 -0.106536336 0.780521631
-0.305365175 -0.311773330 0.899749756 0.616634965 0.411366016 0.808972120 0.419930995 -0.838292956 -0.858795762 0.498358697 -0.118778989 0.772600651
-0.324246109 -0.309136033 0.894035459 0.630674183 0.411115736 0.805127859 0.427496165 -0.845355332 -0.851967335 0.506165981 -0.133968905 0.763585687
-0.368498743 -0.300324976 0.879780412 0.659096003 0.400047243 0.803039432 0.441689581 -0.859147012 -0.839148939 0.514715850 -0.175774843 0.747025669
-0.393510759 -0.295157582 0.870649934 0.673939824 0.391149253 0.803303778 0.449115902 -0.864379048 -0.831956446 0.517286003 -0.200658008 0.736238241
-0.445868045 -0.282483578 0.849355459 0.693668425 0.373904645 0.803363383 0.463468015 -0.871595562 -0.813263178 0.524223506 -0.252572179 0.713682055
-0.471519381 -0.275535107 0.837705135 0.703623176 0.367300600 0.802253067 0.470616877 -0.876396060 -0.801723003 0.529594541 -0.277073652 0.701190293
-0.513693690 -0.266311795 0.815595925 0.723993182 0.356677175 0.798284054 0.485308021 -0.883024573 -0.780320585 0.540204167 -0.315086126 0.679807842
-0.529252112 -0.265323639 0.805912852 0.731461942 0.351468265 0.795963466 0.492861271 -0.884719670 -0.772244990 0.544100642 -0.328012437 0.668432951
-0.553202868 -0.264561325 0.789920211 0.742906988 0.341587931 0.792807341 0.504751682 -0.879200339 -0.759792328 0.549057305 -0.348212302 0.653078496
-0.561747611 -0.265575618 0.783523560 0.750378489 0.337766320 0.790925384 0.510246158 -0.874259114 -0.755217552 0.551277518 -0.354597926 0.647308826
-0.571938515 -0.261124194 0.777624905 0.758436203 0.338842869 0.788117230 0.513864458 -0.851083517 -0.747042120 0.557391644 -0.362274498 0.641621828
-0.574623942 -0.259384006 0.776226282 0.761578083 0.339145988 0.787712455 0.514284968 -0.844800472 -0.744840503 0.558774471 -0.364669383 0.635049045
-0.576915264 -0.257107973 0.775283396 0.769063056 0.343771935 0.784577489 0.516002953 -0.842839003 -0.740938425 0.564210653 -0.364248216 0.620554030
-0.577431917 -0.257080048 0.774907827 0.772004962 0.345031679 0.783371985 0.516992569 -0.843487918 -0.739949703 0.565895796 -0.363643289 0.612466514
-0.576132774 -0.256372988 0.776108205 0.770696938 0.345702231 0.783991337 0.515604019 -0.844195783 -0.740649104 0.565358818 -0.363054335 0.599859357
-0.575223029 -0.265750915 0.773624480 0.775002897 0.334931850 0.786323428 0.519149423 -0.853301108 -0.746283531 0.557738245 -0.363302886 0.582272589
-0.575837433 -0.270173848 0.771632969 0.773148537 0.328604430 0.787742555 0.521038175 -0.854481339 -0.748618901 0.553595304 -0.364831299 0.573672235
-0.582459807 -0.276617080 0.764345169 0.768741608 0.315363646 0.789764225 0.526135206 -0.845321774 -0.749190509 0.547499239 -0.372770965 0.555038750
-0.589295566 -0.278018832 0.758575201 0.769380152 0.310808599 0.788654029 0.530493021 -0.832945764 -0.745740473 0.548388779 -0.378339708 0.552477300
-0.596904099 -0.280368567 0.751730740 0.766733706 0.308324367 0.784847200 0.537541628 -0.828334749 -0.740703464 0.552637637 -0.382034004 0.540680826
-0.614550412 -0.281449676 0.736962616 0.763997734 0.297289193 0.782690942 0.546821892 -0.789204359 -0.730716825 0.555140615 -0.397330999 0.535399079
-0.623257399 -0.283292055 0.728900433 0.765915871 0.289032400 0.782630622 0.551316202 -0.775479555 -0.726643324 0.554287732 -0.405899763 0.536112130
-0.631372631 -0.283403397 0.721838713 0.764198363 0.285941660 0.780159831 0.556406379 -0.760368586 -0.720837057 0.557703555 -0.411534756 0.532566130
-0.651416302 -0.281856686 0.704424262 0.763431311 0.274075627 0.778328001 0.564878821 -0.721610129 -0.707488060 0.561036766 -0.429765552 0.528569102
-0.664679885 -0.281991720 0.691867948 0.762865901 0.267702937 0.774660170 0.572919428 -0.713673890 -0.697521091 0.566023171 -0.439411104 0.531733811
-0.690763831 -0.278147280 0.667442381 0.768736959 0.258518577 0.767044067 0.587206542 -0.676226497 -0.675287664 0.578167319 -0.457940161 0.531072438
-0.704580188 -0.272582501 0.655183673 0.770520031 0.256165564 0.763326466 0.593053102 -0.652855754 -0.661774874 0.585688889 -0.467998445 0.530402184
-0.728983164 -0.269923300 0.629066765 0.778047264 0.245373264 0.754867494 0.608249187 -0.617271364 -0.639042616 0.597759545 -0.484053791 0.540028095
-0.737445831 -0.267317832 0.620253921 0.785080492 0.244266331 0.750621855 0.613922358 -0.595634758 -0.629688621 0.604241610 -0.488246202 0.539771795
-0.743151903 -0.265200943 0.614323735 0.788485348 0.242176771 0.749256015 0.616413713 -0.575050294 -0.623759270 0.606864035 -0.492585570 0.540762007
-0.749748111 -0.261107087 0.608030200 0.802765250 0.240858614 0.748146832 0.618274629 -0.547322810 -0.616331816 0.609999597 -0.498031825 0.544292748
-0.750909209 -0.256747782 0.608453751 0.811966777 0.243427515 0.748852134 0.616411865 -0.534341156 -0.613904178 0.610983729 -0.499820471 0.546615005
-0.749564409 -0.255861014 0.610481977 0.819850087 0.246804610 0.747739255 0.616419971 -0.522615790 -0.614199221 0.612716317 -0.497331083 0.543749094
-0.744576693 -0.256287575 0.616378129 0.842819214 0.250747323 0.748363733 0.614066243 -0.506168187 -0.618652642 0.611774623 -0.492950767 0.536612928
-0.740599811 -0.256757319 0.620956957 0.854832828 0.250572801 0.751930654 0.609765172 -0.505734563 -0.623478293 0.607186854 -0.492543370 0.531155288
-0.730349541 -0.265287399 0.629453897 0.878865063 0.251135409 0.752677679 0.608611047 -0.511159778 -0.635232687 0.602576792 -0.483094752 0.516764343
-0.720842063 -0.274443150 0.636449277 0.905858815 0.256030381 0.747880280 0.612473249 -0.519167900 -0.644076943 0.604446769 -0.468837857 0.501024604
-0.716718853 -0.278850168 0.639184356 0.920706928 0.258909076 0.744660378 0.615180552 -0.524339080 -0.647518396 0.606402099 -0.461515397 0.493439853
-0.711449683 -0.282153666 0.643605947 0.954062879 0.270698756 0.735145032 0.621517539 -0.531180084 -0.648507178 0.616401732 -0.446640015 0.478463948
-0.709148228 -0.279819131 0.647155344 0.971325338 0.274874806 0.735522747 0.619233489 -0.532864153 -0.649270833 0.617014945 -0.444679469 0.469565779
-0.707699239 -0.271130264 0.652418673 1.010265112 0.278108895 0.741976202 0.610021949 -0.534911633 -0.649474502 0.613155484 -0.449692309 0.452875227
-0.708019853 -0.267489254 0.653572738 1.030617714 0.280715913 0.742623508 0.608036935 -0.535496950 -0.648001790 0.613970459 -0.450703740 0.444216192
-0.709216416 -0.259630084 0.655441999 1.069647908 0.277239621 0.752097785 0.597902238 -0.534641504 -0.648189902 0.605756462 -0.461420447 0.423683852
-0.710784197 -0.254042864 0.655933082 1.091032147 0.277749687 0.755366266 0.593529284 -0.534391582 -0.646251559 0.604056358 -0.466342062 0.416144490
-0.713816941 -0.247793868 0.655029416 1.133469701 0.282160699 0.754283547 0.592825294 -0.530198574 -0.640976250 0.607992232 -0.468502700 0.400666803
-0.715796590 -0.241522193 0.655211627 1.155371308 0.286536962 0.754069746 0.590995193 -0.527328134 -0.636813760 0.610774636 -0.470555633 0.390152514
-0.722493947 -0.220264211 0.655351877 1.198855162 0.302547336 0.751590490 0.586154163 -0.524498761 -0.621665120 0.621767759 -0.476379335 0.372967303
-0.726533473 -0.210168675 0.654200494 1.218162417 0.311191142 0.748200417 0.585965991 -0.522447467 -0.612624764 0.629305184 -0.478190154 0.364361972
-0.730238616 -0.200310424 0.653167129 1.236035347 0.318830132 0.745641172 0.585121036 -0.522046447 -0.604234099 0.635527253 -0.480630994 0.354746640
-0.740556359 -0.185533971 0.645874143 1.275714159 0.324859262 0.742516518 0.585777819 -0.512521386 -0.588253856 0.643619716 -0.489603013 0.335866600
-0.745784521 -0.180958569 0.641139090 1.289737940 0.325454503 0.740771353 0.587653875 -0.504451394 -0.581278503 0.646924794 -0.493562073 0.322540939
-0.758139372 -0.175243959 0.628103614 1.320453048 0.320226610 0.739017487 0.592712402 -0.488775969 -0.568048835 0.650494039 -0.504160523 0.304697663
-0.764379740 -0.174550325 0.620689809 1.332426310 0.317355871 0.736122847 0.597836435 -0.479219824 -0.561256528 0.653953612 -0.507282853 0.289563000
-0.776898324 -0.177377671 0.604124188 1.346453667 0.308390051 0.729322612 0.610724270 -0.453756571 -0.548930168 0.660776615 -0.511908114 0.264765739
-0.783736646 -0.176227868 0.595567465 1.365736961 0.305298597 0.725749791 0.616506338 -0.438375801 -0.540878594 0.665004432 -0.514994562 0.250591099
-0.795261979 -0.171393618 0.581534743 1.381649375 0.302423388 0.719196379 0.625537038 -0.414114356 -0.525450826 0.673335493 -0.520116091 0.222351387
